1002 22 8.560047 93.560043
1000 0 9.571929 97.131973
1001 1 25.650549 144.782516
1003 23 26.134516 146.917038
1004 44 42.415886 161.332916
1005 105 20.118176 385.451080
1007 145 20.137875 393.588959
1010 290 17.159267 404.748230
1006 110 30.165474 420.913696
1009 188 23.002377 421.916077
1020 523 2.843379 800.759460
1012 355 5.973565 820.733032
1008 183 35.208736 825.941772
1019 514 9.579488 877.521240
1024 749 10.718434 910.239685
1022 654 12.908772 929.148438
1013 370 14.135837 931.284302
1021 533 15.042583 936.326904
1016 407 19.368534 969.695435
1011 320 27.688059 1009.383484
1015 397 26.506563 1009.890076
1017 454 37.669533 1055.559692
1028 871 0.404646 1301.964355
1032 984 0.465955 1310.430298
1026 851 7.732450 1438.162720
1018 496 49.926830 1448.089600
1033 992 10.417631 1562.507202
1056 1605 1.402882 1723.910034
1052 1551 3.511068 1744.421143
1055 1595 5.763140 2204.184326
1064 1957 0.128452 2320.312744
1053 1560 7.167934 2325.480713
1069 2200 0.218697 2406.699463
1057 1627 6.027243 2426.726807
1042 1331 18.321877 2928.048584
1047 1437 15.494933 2944.543457
1054 1579 11.980034 2981.523438
1044 1337 18.391092 2991.914551
1061 1869 7.549375 3283.463867
1040 1272 22.249149 3301.713135
1073 2663 3.840162 3447.553223
1076 2780 3.588360 3483.141602
1036 1180 26.885525 3753.027100
1037 1244 26.570871 3766.597900
1050 1516 18.497761 4117.095215
1035 1118 28.728951 4126.824219
1075 2730 6.314025 4131.138184
1093 3276 3.463761 4245.602051
1068 2152 12.435265 4766.037109
1039 1263 28.010057 4770.047363
1038 1258 31.370537 5120.417969
1043 1335 28.288498 5158.706543
1087 3102 7.975116 5167.681641
1046 1404 27.819683 5213.501465
1045 1361 28.304956 5236.806641
1101 3427 0.823292 5289.629883
1077 2865 12.724907 5405.354980
1085 3067 10.856166 5425.210938
1062 1869 19.426210 5441.637207
1072 2649 15.107654 5631.744629
1081 2990 12.147020 5640.891602
1063 1940 20.223989 5754.115723
1067 2117 21.034332 5759.149902
1071 2642 16.622305 5851.771973
1106 3497 3.333538 5870.105469
1079 2909 17.169001 5871.274414
1083 3034 15.716734 5942.991211
1112 3559 0.753736 6415.745117
1048 1455 32.007683 6431.752930
1051 1522 31.399206 6446.152344
1097 3340 11.084485 6474.236816
1030 966 43.723953 6478.960938
1107 3507 4.910002 6908.871094
1066 1981 25.068502 7033.939453
1023 689 84.755661 7039.695312
1092 3222 15.128871 7150.824219
1110 3530 5.402520 7167.226562
1070 2407 22.917744 7222.144531
1122 3847 1.345374 7229.489746
1049 1495 34.221504 7238.711426
1080 2948 21.491875 7245.203125
1125 3984 1.208756 7455.412109
1059 1811 29.485060 7676.896973
1058 1697 30.205540 7719.102539
1121 3803 2.353177 7719.455566
1089 3168 21.821661 7902.277344
1127 4005 3.398066 8118.675293
1109 3524 8.032500 8124.708008
1131 4105 2.534944 8322.243164
1096 3318 19.170134 8414.413086
1128 4013 4.929419 8458.342773
1074 2682 28.496078 9016.838867
1090 3173 26.733364 9150.572266
1091 3217 25.732468 9155.304688
1114 3616 12.625724 9169.930664
1136 4369 6.194480 9210.125000
1108 3519 17.333342 9211.458008
1135 4336 5.092801 9226.550781
1120 3763 13.368420 9478.918945
1129 4041 10.249664 9498.168945
1031 983 56.291714 9499.460938
1025 849 57.787121 9504.248047
1140 4436 7.899965 9612.148438
1078 2897 35.943001 9633.091797
1041 1278 56.369534 9638.460938
1103 3451 25.142494 9814.603516
1155 5016 2.691770 10008.294922
1123 3959 14.135837 10257.430664
1113 3612 21.677994 10314.108398
1146 4608 7.825002 10365.933594
1060 1817 46.309639 10385.243164
1119 3748 20.180901 10599.423828
1095 3313 32.466198 10600.889648
1133 4141 16.665356 10623.554688
1152 4961 4.628793 10637.183594
1130 4065 18.722492 10897.906250
1158 5121 3.330469 11095.236328
1134 4244 19.263948 11111.500000
1086 3069 41.514763 11138.014648
1159 5139 2.381908 11188.396484
1166 5268 1.702745 11190.099609
1147 4685 11.479210 11197.579102
1099 3397 34.221504 11210.800781
1141 4444 17.005556 11366.806641
1142 4536 14.962573 11372.769531
1163 5223 4.574359 11384.343750
1082 3017 45.306454 11397.650391
1065 1968 55.136486 11562.787109
1160 5149 9.637502 11580.424805
1111 3544 34.359333 11733.784180
1178 5599 0.408358 11748.192383
1154 4999 17.828512 12078.020508
1148 4761 18.445225 12080.465820
1117 3695 35.812820 12091.278320
1084 3043 50.675949 12092.954102
1181 5757 0.220542 12190.174805
1150 4902 18.821774 12285.996094
1138 4381 30.167974 12375.164062
1174 5500 9.470069 12522.633789
1145 4579 25.104420 12616.738281
1115 3652 39.914288 12779.652344
1175 5507 11.016996 12819.668945
1102 3437 48.998405 12854.666992
1034 1020 82.211014 12855.877930
1170 5386 15.390761 12866.268555
1153 4993 25.650549 13303.918945
1180 5751 8.162017 13342.081055
1165 5258 19.849051 13437.929688
1143 4548 30.624420 13442.553711
1185 5847 7.895200 13444.449219
1105 3495 51.612583 13478.061523
1189 5944 4.851827 13484.913086
1177 5593 12.097649 13495.010742
1126 3991 42.434715 13500.445312
1132 4113 41.720043 13508.165039
1188 5941 6.485146 13545.650391
1179 5626 12.478256 13605.128906
1187 5881 9.306063 13636.434570
1144 4559 34.024487 13866.458984
1176 5554 18.173853 13873.632812
1202 6449 3.423711 13940.056641
1191 5969 11.432265 14263.489258
1206 6593 6.226012 14547.714844
1209 6657 4.919709 14562.634766
1207 6621 6.057478 14628.692383
1173 5497 26.993399 14734.685547
1196 6118 12.987715 14866.672852
1027 860 100.359650 15006.032227
1139 4415 48.984344 15016.016602
1118 3736 62.083530 15789.100586
1183 5810 26.539808 15789.640625
1116 3669 62.375008 15828.015625
1156 5044 49.068813 15897.083984
1100 3416 75.434547 15968.518555
1104 3452 73.655113 15974.173828
1184 5830 31.837860 15988.011719
1164 5244 42.220764 15990.232422
1192 5985 25.618273 16005.850586
1194 6104 24.032949 16005.883789
1094 3303 78.543854 16038.427734
1029 942 111.339485 16039.767578
1212 6718 14.420241 16070.187500
1124 3975 65.505737 16093.693359
1190 5958 28.255606 16129.949219
1198 6272 24.801535 16160.750977
1151 4960 50.879913 16187.630859
1223 6950 2.397772 16194.028320
1211 6702 20.094910 16206.123047
1088 3116 87.723244 16213.846680
1014 385 156.461807 16224.308594
1232 7206 3.216105 16283.524414
1172 5451 46.211216 16317.735352
1218 6846 15.899719 16337.634766
1213 6722 19.794098 16345.428711
1238 7512 0.960052 16380.388672
1229 7023 6.422704 16420.810547
1193 6083 31.909386 16440.720703
1167 5334 50.537453 16455.257812
1224 6955 9.958605 16467.216797
1168 5362 51.505360 16480.722656
1199 6329 32.857826 16543.580078
1226 6966 10.420222 16546.000000
1201 6380 32.293766 16582.292969
1242 7565 2.489151 16632.781250
1239 7533 9.205101 16709.986328
1186 5858 42.012043 16721.998047
1137 4370 74.531639 16726.529297
1182 5805 46.806660 16739.335938
1231 7174 12.119582 16739.455078
1222 6942 15.862411 16771.318359
1252 7837 2.081102 16771.400391
1246 7673 6.214747 16801.615234
1228 6991 18.460468 16852.076172
1214 6755 28.175875 16874.251953
1161 5204 62.170677 16904.421875
1227 6986 19.827766 16920.250000
1255 7934 3.299793 16929.548828
1256 7963 4.241376 16991.791016
1162 5207 64.490852 17002.281250
1254 7934 4.714379 17008.996094
1259 8063 4.405285 17057.402344
1169 5373 62.083530 17059.486328
1195 6107 47.853176 17061.339844
1267 8437 1.691119 17085.031250
1230 7032 21.364698 17090.396484
1245 7647 14.251925 17098.648438
1215 6780 33.665199 17100.314453
1265 8363 2.575820 17106.890625
1220 6903 27.495132 17124.386719
1271 8488 1.524009 17153.910156
1274 8651 0.426925 17184.337891
1250 7786 13.999749 17210.337891
1149 4772 76.435600 17228.773438
1249 7720 14.549331 17239.322266
1098 3342 102.596878 17263.919922
1235 7318 22.385929 17302.306641
1210 6667 44.283604 17318.589844
1157 5115 75.096962 17341.687500
1221 6936 30.426868 17352.115234
1282 8840 2.802138 17372.917969
1247 7676 18.018208 17402.935547
1270 8469 6.383036 17433.318359
1244 7618 24.597139 17449.916016
1216 6800 41.584251 17517.500000
1277 8765 7.528187 17535.027344
1284 8859 4.531735 17549.558594
1258 8012 17.206347 17592.765625
1217 6821 43.105137 17661.871094
1278 8765 10.182740 17700.054688
1295 9306 3.341724 17745.396484
1208 6655 54.129604 17761.525391
1260 8066 20.771536 17820.296875
1291 9126 6.373976 17820.669922
1264 8263 18.710533 17827.380859
1300 9497 0.478046 17855.859375
1275 8676 15.471923 17863.332031
1225 6963 38.546722 17891.878906
1297 9389 4.999639 17948.878906
1268 8446 18.845787 17955.724609
1294 9192 9.717140 18017.441406
1288 9007 13.143391 18024.583984
1307 9619 1.250726 18047.833984
1309 9747 1.340587 18115.173828
1233 7274 40.389050 18137.562500
1306 9575 4.917551 18184.480469
1292 9153 14.905338 18225.386719
1204 6530 67.987045 18229.373047
1311 9966 2.086990 18241.460938
1293 9187 14.713347 18290.173828
1310 9946 5.762030 18315.935547
1299 9462 11.969116 18323.904297
1257 7980 33.390865 18345.294922
1308 9728 6.630971 18345.925781
1205 6586 61.466286 18371.392578
1285 8894 20.842979 18378.236328
1266 8397 30.956594 18465.193359
1298 9432 14.112380 18471.306641
1321 10233 2.294808 18537.601562
1317 10151 6.134886 18611.736328
1313 10001 9.377314 18621.113281
1280 8785 29.548733 18674.662109
1200 6373 76.883545 18683.544922
1301 9510 17.951511 18689.496094
1171 5411 97.559433 18701.054688
1289 9052 26.818300 18723.873047
1251 7804 45.833370 18747.707031
1248 7684 46.585224 18768.292969
1240 7545 48.876759 18777.169922
1287 8992 31.237970 18888.408203
1203 6451 80.434860 18900.843750
1253 7915 46.305351 18935.148438
1303 9535 23.091200 18996.240234
1315 10141 15.777089 19018.017578
1296 9365 28.824522 19044.841797
1236 7337 58.608917 19075.451172
1302 9512 24.394129 19077.845703
1335 10560 7.616569 19135.462891
1318 10164 19.182280 19152.644531
1343 10849 4.943450 19191.587891
1319 10206 18.116856 19195.705078
1283 8859 40.357395 19266.062500
1332 10537 10.756411 19268.818359
1241 7564 60.487862 19323.306641
1346 10894 2.855460 19326.162109
1325 10371 16.767653 19332.929688
1314 10121 21.488125 19352.417969
1337 10638 11.079186 19355.498047
1279 8768 47.025352 19420.523438
1354 11093 0.977073 19429.500000
1312 9978 29.185654 19566.685547
1273 8531 51.515553 19592.201172
1324 10327 24.303425 19638.503906
1353 11054 7.122625 19657.626953
1341 10681 13.993910 19695.621094
1281 8802 50.468441 19720.089844
1323 10289 26.296858 19726.386719
1359 11464 3.770524 19760.158203
1272 8510 55.402279 19761.560547
1334 10552 21.698746 19789.259766
1290 9073 49.276295 19822.535156
1369 11703 0.825174 19921.359375
1326 10410 29.377611 19926.736328
1367 11649 3.483292 19958.218750
1237 7496 75.902153 19978.121094
1360 11532 7.725342 19981.845703
1352 11034 12.966549 20004.812500
1357 11396 10.833824 20005.646484
1336 10580 24.501678 20028.148438
1345 10891 18.722492 20046.871094
1320 10231 34.526722 20057.398438
1340 10675 20.738619 20058.136719
1376 12064 0.432498 20096.568359
1371 11848 3.344795 20115.914062
1362 11583 9.515298 20139.429688
1261 8067 69.769386 20173.199219
1339 10653 23.724485 20204.923828
1328 10470 33.196442 20258.121094
1322 10249 39.239639 20283.361328
1269 8457 67.705849 20289.066406
1331 10504 32.269600 20329.335938
1338 10642 25.106533 20332.443359
1386 12584 1.222104 20353.666016
1384 12513 2.798117 20366.464844
1342 10812 28.377958 20384.843750
1358 11459 18.844072 20395.687500
1262 8140 72.096588 20413.783203
1344 10873 30.000761 20429.783203
1373 11897 8.171633 20451.955078
1243 7600 88.273720 20532.228516
1197 6172 117.012070 20547.240234
1365 11623 16.220293 20589.460938
1305 9569 57.686745 20667.148438
1234 7277 92.982269 20708.130859
1333 10543 40.374977 20728.505859
1395 12742 7.771572 20736.277344
1402 12966 1.201132 20805.478516
1383 12445 12.862348 20814.341797
1375 12050 16.270643 20894.613281
1263 8257 83.412041 20954.025391
1394 12736 12.422796 20962.447266
1372 11890 21.644068 21018.091797
1398 12938 9.291084 21019.382812
1405 13045 5.588354 21098.970703
1392 12707 15.229093 21106.199219
1410 13159 0.777217 21114.976562
1364 11609 28.858044 21169.833984
1349 10940 40.771488 21222.605469
1316 10142 59.969784 21226.576172
1276 8738 85.300987 21253.876953
1401 12959 12.955267 21350.832031
1381 12260 25.988287 21358.820312
1219 6848 115.771118 21374.591797
1355 11102 41.489201 21390.080078
1377 12065 28.891603 21456.972656
1348 10921 46.104599 21477.078125
1330 10482 57.103722 21482.181641
1414 13296 6.184352 21504.365234
1404 13025 15.977592 21508.343750
1379 12226 29.752907 21510.095703
1416 13343 4.192904 21512.289062
1403 13006 15.491864 21513.781250
1351 10997 44.247570 21552.029297
1385 12577 27.178583 21567.207031
1428 13569 0.718081 21603.925781
1429 13596 1.750265 21607.675781
1368 11666 36.174473 21623.849609
1421 13420 5.716578 21659.566406
1387 12615 29.275406 21732.841797
1286 8918 91.826744 21748.667969
1422 13433 6.246300 21772.914062
1433 13732 3.876605 21798.791016
1417 13361 11.520852 21806.312500
1304 9566 81.028938 21823.341797
1409 13156 17.788729 21835.130859
1350 10947 55.332714 21906.462891
1382 12385 36.150024 21954.613281
1426 13524 8.784978 21987.398438
1397 12863 30.528015 22005.925781
1415 13303 17.065329 22040.990234
1347 10909 57.319481 22072.310547
1441 14004 5.523346 22097.833984
1437 13914 6.570505 22120.404297
1423 13480 13.143391 22129.546875
1420 13415 14.143171 22129.689453
1430 13600 12.324605 22190.013672
1391 12673 37.077660 22203.091797
1378 12206 45.215397 22270.306641
1399 12943 35.253178 22293.560547
1329 10481 75.879173 22297.439453
1445 14057 6.856799 22340.296875
1408 13125 29.511982 22407.808594
1438 13932 13.332702 22427.140625
1448 14107 6.975552 22428.115234
1361 11545 56.785999 22442.900391
1413 13294 27.374039 22460.275391
1455 14426 5.850916 22496.126953
1363 11583 57.963593 22500.089844
1418 13367 25.988287 22512.078125
1453 14350 7.745485 22519.824219
1406 13065 35.140717 22560.964844
1396 12754 42.851971 22563.816406
1466 14716 1.240228 22597.056641
1468 14844 1.307097 22616.363281
1370 11817 54.527184 22624.890625
1389 12656 47.078075 22721.968750
1425 13508 24.738817 22738.707031
1460 14603 6.799321 22795.505859
1459 14586 8.513803 22826.019531
1439 13994 20.204231 22838.224609
1427 13558 26.653122 22860.876953
1374 12018 59.460503 22880.337891
1419 13394 30.751745 22895.089844
1390 12668 50.849979 22899.939453
1407 13105 40.448925 22926.388672
1475 14971 2.183333 22926.572266
1356 11228 72.422348 22932.994141
1435 13800 29.470385 23076.464844
1478 15113 3.019036 23087.484375
1482 15180 1.796888 23175.281250
1327 10442 94.976707 23182.257812
1484 15218 4.771215 23219.029297
1489 15307 0.749981 23279.779297
1400 12953 55.448746 23305.228516
1463 14645 17.121981 23314.349609
1485 15254 7.965562 23326.314453
1456 14429 21.387102 23335.701172
1491 15334 0.421354 23402.123047
1477 15112 10.759032 23404.882812
1411 13192 48.404236 23439.287109
1488 15287 5.418968 23464.707031
1467 14747 18.360685 23477.068359
1388 12631 62.981537 23512.050781
1495 15495 2.932089 23516.982422
1454 14383 27.108440 23544.091797
1444 14025 33.415955 23547.507812
1472 14962 18.919664 23578.427734
1483 15206 13.014547 23603.441406
1434 13797 41.372623 23632.814453
1499 15649 2.678753 23645.494141
1462 14620 24.326075 23667.820312
1473 14963 20.651016 23670.470703
1464 14669 24.266397 23692.736328
1471 14880 23.357269 23724.093750
1474 14968 20.973482 23745.066406
1424 13497 46.797947 23753.865234
1393 12718 71.425781 23763.291016
1442 14016 45.888268 23933.179688
1486 15276 24.006445 23933.185547
1470 14861 30.010717 23971.195312
1458 14561 37.911537 23991.107422
1451 14235 40.294193 23997.402344
1480 15134 24.128977 24001.531250
1447 14096 44.707256 24046.238281
1465 14690 34.235832 24048.474609
1366 11623 93.186073 24083.660156
1380 12228 87.740295 24093.400391
1479 15129 28.968452 24098.369141
1412 13266 67.220009 24125.589844
1481 15168 31.321081 24136.910156
1440 13997 52.248428 24137.158203
1498 15578 20.340998 24157.500000
1457 14551 45.207130 24178.707031
1492 15335 26.941662 24215.648438
1436 13896 60.261806 24227.910156
1496 15500 26.728903 24240.638672
1452 14246 52.426598 24251.064453
1493 15363 27.625912 24272.689453
1461 14612 52.521351 24333.210938
1469 14846 56.495674 24417.707031
1476 15083 52.395077 24436.101562
1487 15283 48.248367 24442.349609
1443 14025 78.783302 24479.132812
1494 15375 49.970383 24487.103516
1446 14067 83.693871 24534.796875
1497 15566 61.310402 24576.107422
1432 13722 101.796089 24587.904297
1431 13708 102.290611 24594.195312
1490 15316 80.155418 24630.351562
1449 14204 107.644135 24635.996094
1450 14223 112.955261 24642.951172
